288

-4.07612 -0.382683 -4.99181e-16   0
-4.61732 -0.92388 -5.65458e-16   0
-5.38268 -0.92388 -6.59189e-16   0
-5.92388 -0.382683 -7.25466e-16   0
-5.92388 0.382683 -7.25466e-16   0
-5.38268 0.92388 -6.59189e-16   0
-4.61732 0.92388 -5.65458e-16   0
-4.07612 0.382683 -4.99181e-16   0
-3.44393 -1.22465e-16 -2.03454   0
-3.6961 -0.707107 -2.18352   0
-4.30491 -1 -2.54318   0
-4.91372 -0.707107 -2.90283   0
-5.16589 0 -3.05181   0
-4.91372 0.707107 -2.90283   0
-4.30491 1 -2.54318   0
-3.6961 0.707107 -2.18352   0
-1.96706 -0.382683 -3.57008   0
-2.22823 -0.92388 -4.04408   0
-2.59758 -0.92388 -4.71443   0
-2.85875 -0.382683 -5.18844   0
-2.85875 0.382683 -5.18844   0
-2.59758 0.92388 -4.71443   0
-2.22823 0.92388 -4.04408   0
-1.96706 0.382683 -3.57008   0
0.119982 -1.22465e-16 -3.9982   0
0.128767 -0.707107 -4.29096   0
0.149978 -1 -4.99775   0
0.171188 -0.707107 -5.70454   0
0.179973 0 -5.9973   0
0.171188 0.707107 -5.70454   0
0.149978 1 -4.99775   0
0.128767 0.707107 -4.29096   0
2.17759 -0.382683 -3.4457   0
2.46672 -0.92388 -3.90319   0
2.8756 -0.92388 -4.55019   0
3.16473 -0.382683 -5.00768   0
3.16473 0.382683 -5.00768   0
2.8756 0.92388 -4.55019   0
2.46672 0.92388 -3.90319   0
2.17759 0.382683 -3.4457   0
3.55973 -1.22465e-16 -1.82437   0
3.82039 -0.707107 -1.95795   0
4.44966 -1 -2.28046   0
5.07894 -0.707107 -2.60297   0
5.3396 0 -2.73655   0
5.07894 0.707107 -2.60297   0
4.44966 1 -2.28046   0
3.82039 0.707107 -1.95795   0
4.06879 -0.382683 0.244421   0
4.60901 -0.92388 0.276873   0
5.373 -0.92388 0.322767   0
5.91322 -0.382683 0.35522   0
5.91322 0.382683 0.35522   0
5.373 0.92388 0.322767   0
4.60901 0.92388 0.276873   0
4.06879 0.382683 0.244421   0
3.31573 -1.22465e-16 2.23739   0
3.55852 -0.707107 2.40122   0
4.14467 -1 2.79674   0
4.73081 -0.707107 3.19226   0
4.9736 0 3.35609   0
4.73081 0.707107 3.19226   0
4.14467 1 2.79674   0
3.55852 0.707107 2.40122   0
1.74944 -0.382683 3.6816   0
1.98172 -0.92388 4.17042   0
2.31021 -0.92388 4.86171   0
2.54249 -0.382683 5.35052   0
2.54249 0.382683 5.35052   0
2.31021 0.92388 4.86171   0
1.98172 0.92388 4.17042   0
1.74944 0.382683 3.6816   0
-0.359514 -1.22465e-16 3.98381   0
-0.385839 -0.707107 4.27552   0
-0.449393 -1 4.97976   0
-0.512946 -0.707107 5.68401   0
-0.539271 0 5.97572   0
-0.512946 0.707107 5.68401   0
-0.449393 1 4.97976   0
-0.385839 0.707107 4.27552   0
-2.38029 -0.382683 3.30892   0
-2.69633 -0.92388 3.74826   0
-3.14327 -0.92388 4.36957   0
-3.45931 -0.382683 4.8089   0
-3.45931 0.382683 4.8089   0
-3.14327 0.92388 4.36957   0
-2.69633 0.92388 3.74826   0
-2.38029 0.382683 3.30892   0
-3.66272 -1.22465e-16 1.60763   0
-3.93092 -0.707107 1.72534   0
-4.5784 -1 2.00954   0
-5.22589 -0.707107 2.29373   0
-5.49408 0 2.41144   0
-5.22589 0.707107 2.29373   0
-4.5784 1 2.00954   0
-3.93092 0.707107 1.72534   0
-1.7789 -0.99839 4.61211   0
-2.07839 -0.222057 5.6019   0
-1.92984 0.879293 5.12498   0
-1.56481 0.863396 4.21434   0
-2.29966 0.999951 4.45087   0
4.90861 -0.98267 1.6714   0
5.69079 0.0381763 1.89898   0
5.0174 0.953272 1.7141   0
4.15985 0.769149 1.30897   0
4.06809 -0.69529 1.33414   0
4.20192 -0.939995 2.01207   0
0.904902 -0.98267 5.1058   0
1.08305 0.0381763 5.9007   0
0.920002 0.953272 5.22168   0
0.860999 0.769149 4.27509   0
0.794674 -0.69529 4.20687   0
0.26549 -0.939995 4.65124   0
-4.03523 -0.98267 3.25652   0
-4.64548 0.0381763 3.79615   0
-4.12945 0.953272 3.32567   0
-3.32884 0.769149 2.81718   0
-3.3011 -0.69529 2.72617   0
-3.94568 -0.939995 2.47713   0
-5 -0.98267 -1.37405   0
-5.79442 0.0381763 -1.55432   0
-5.11115 0.953272 -1.41015   0
-4.23085 0.769149 -1.05717   0
-4.14077 -0.69529 -1.0878   0
-4.31501 -0.939995 -1.75648   0
3.18106 -0.99839 3.78376   0
3.90345 -0.222057 4.52373   0
3.55741 0.879293 4.16347   0
2.93599 0.863396 3.4043   0
2.7896 0.999942 4.16246   0
1.49913 -0.99839 -4.71048   0
1.73873 -0.222057 -5.71645   0
1.61905 0.879293 -5.23147   0
1.30929 0.863396 -4.30059   0
2.02863 0.999951 -4.58076   0
-3.40223 -0.99839 -3.58621   0
-4.16768 -0.222057 -4.28152   0
-3.80067 0.879293 -3.94266   0
-3.13484 0.863396 -3.22212   0
-3.03418 0.999942 -3.98769   0
4.84913 -0.99839 -0.960166   0
5.84584 -0.222057 -1.23578   0
5.36332 0.879293 -1.10656   0
4.39851 0.863396 -0.928637   0
4.9919 0.999942 -0.434555   0
-1.01539 -0.903194 -4.45656   0
-1.37954 -0.611828 -5.62427   0
-1.33428 0.654241 -5.59951   0
-1.10606 0.962464 -4.59741   0
3.41327 -0.903194 -3.03998   0
4.26029 -0.611828 -3.92244   0
4.26044 0.654241 -3.87085   0
3.49288 0.962464 -3.18737   0
-5.65093 -0.650934 1.11111   0
-5.80366 0.354824 1.24133   0
-1.36751 0.435299 5.73962   0
-4.59718 0.435299 -3.69856   0
3.86711 -3.33381e-18 -4.58753   0
5.58249 0.435299 -1.91028   0
4.36712 0.435299 3.96757   0
1.63992 -0.672383 5.50096   0
5.60942 -0.672383 1.21833   0
-5.67238 -0.672383 -0.879779   0
-4.02664 -0.672383 4.09098   0
-4.76497 0.00516768 1.48483   1
-4.97274 -0.0208155 0.25813   1
-3.90216 0.0518734 -0.885393   0
-4.89846 0.0320908 -0.979968   1
0.790896 -0.00876498 -4.91838   1
-0.720726 0.0164962 -5.95642   0
-0.83996 0.390541 -3.992   0
-1.47726 0.70381 -4.02722   0
-0.499777 -0.0472334 -4.93488   1
-2.04628 4.19198e-17 -5.64028   0
-1.67393 -0.981959 -4.91168   0
-2.13946 -0.682387 -5.31667   0
-4.46427 0.0146059 -2.18387   1
-3.72145 -0.0179958 -3.25581   1
-2.76866 -0.027416 -4.12334   1
-1.70098 -0.015203 -4.71812   1
1.16273 -0.430019 -3.92873   0
-4.80002 -0.62586 3.21985   0
5.28619 -0.62586 2.3375   0
0.503712 -0.62586 5.75794   0
3.09105 0.390541 -2.66214   0
2.81435 0.70381 -3.23732   0
4.79402 0.0159128 -3.60775   0
4.20738 0.00370847 -2.68953   1
3.38418 -0.0302085 -3.64101   1
4.7272 -0.0231493 -1.47047   1
4.95973 -0.0294303 -0.187473   1
4.88448 0.0655775 1.08602   1
3.92875 -9.19226e-17 -0.751588   0
-1.23373 -0.0245888 4.77456   1
-1.39622 -0.430019 3.85194   0
-2.704 -0.681615 5.0538   0
-2.32316 -0.177856 4.33814   1
-3.00664 0.0521902 2.64027   0
-3.33644 -0.096518 3.63202   1
3.58643 -0.0245888 3.38468   1
4.38471 -0.0137386 2.39937   1
2.69994 -0.430019 3.08175   0
3.12148 -0.681615 4.80717   0
2.69066 -0.173006 4.12139   1
0.861533 0.0521902 3.90751   0
1.58186 -0.088316 4.6744   1
2.39801 -0.681763 -5.20581   0
1.98375 -0.0635077 -4.49724   1
-4.21068 0.0692327 2.65733   1
-3.92788 -2.35614e-33 0.756136   0
-4.21263 -0.70556 0.818198   0
-4.95934 -0.99927 0.887863   0
-5.17009 -0.911116 1.60049   0
-4.21263 0.70556 0.818198   0
-3.89029 -0.391032 1.22839   0
-3.89029 0.391032 1.22839   0
0.0262732 0.0206142 5.00824   1
-1.28917 -0.90099 5.2787   0
4.00123 -0.90099 3.67652   0
-4.21475 -0.90102 -3.42955   0
-4.4579 0.1496 -2.9473   1
4.35729 -0.102794 -4.11709   0
4.21849 -0.962094 -3.16321   0
3.55694 -0.972449 -3.83845   0
4.09279 -0.130017 -3.4595   1
0.245351 0.398861 4.07561   0
-3.45123 0.398861 2.1817   0
-3.78948 0.399269 -1.52054   0
-2.13917 0.618658 -5.37567   0
-5.95815 5.54668e-32 -0.707452   0
-5.65991 0.692404 -0.837348   0
-5.3525 0.196019 -0.399264   1
-4.63207 -0.952239 -0.763939   0
-5.2042 -0.968568 -0.682374   0
-4.26546 -0.702668 -0.44381   0
5.98755 5.5397e-18 -0.386326   0
5.69345 -0.698033 -0.507969   0
-4.13041 -0.224207 3.37864   1
-4.31723 0.893281 -3.32544   0
-4.97303 -0.908168 -2.15182   0
-4.0657 -0.0684523 4.4093   0
-4.02379 0.657629 4.11219   0
-3.43026 0.999224 3.69171   0
-1.39159 -0.0956709 -5.83168   0
-4.67069 -0.42089 -3.61644   0
-5.16204 0.978802 -0.665861   0
-3.5252 -3.21744e-17 -4.8552   0
-3.42486 -0.679895 -4.59795   0
-4.06388 0.411445 -4.29301   0
-3.36165 0.684945 -4.63855   0
5.71689 0.68307 -0.392512   0
5.8001 0.411445 -1.1419   0
-4.30458 0.93954 -1.7786   0
-5.45513 0.364848 -2.3279   0
-5.45838 -0.373779 -2.31118   0
-5.57781 0.604823 -1.57666   0
-5.0905 0.116628 -1.70423   1
-5.07564 0.856678 -2.15928   0
0.241039 0.93954 4.65132   0
0.241561 0.364716 5.9262   0
0.161371 0.909561 5.41316   0
-5.22109 -0.380896 -2.80023   0
-4.45818 0.339915 -1.5233   1
3.16332 -0.3538 -2.55245   0
3.88013 -0.932954 -2.54445   0
-1.90117 0.392318 4.60934   1
-2.86007 -6.56273e-18 5.27447   0
-2.7093 0.660525 5.07262   0
-3.7663 -0.286837 -1.46728   0
3.12615 0.396292 3.89547   1
3.23944 3.24618e-17 5.05035   0
3.10271 0.683065 4.8177   0
-4.34153 -0.162602 -1.21395   1
-5.20763 0.445618 -1.17061   1
-5.41748 -0.00860616 -2.57886   0
3.88963 -0.482291 -2.99839   1
4.62724 -0.919714 -2.76923   0
4.2292 -0.999658 -2.71592   0
3.83701 -0.992869 -3.01654   0
-4.91807 -0.428245 -0.38938   1
-3.98755 2.87516e-32 -0.315362   0
-4.74051 0.92243 -2.55702   0
-4.5388 -0.479249 -0.811234   1
-4.62114 0.997428 -2.08971   0
-5.05355 -0.501131 -1.02848   1
-4.72547 0.475351 -2.00409   1
-5.21562 0.381059 -2.81026   0
4.04149 -0.892882 -3.65678   0


14    1 7 9 123 165 166 209 210 214 234 268 279 280 282 
13    0 2 89 90 118 124 165 210 211 232 233 234 279 
9    1 3 153 162 165 211 212 233 279 
9    2 4 153 154 162 165 229 231 279 
8    3 5 154 165 229 230 231 255 
12    4 6 93 94 121 154 164 165 213 230 231 245 
15    5 7 14 86 94 95 116 122 165 167 213 231 245 252 283 
11    0 6 122 165 166 167 209 213 215 227 280 
13    9 15 16 23 24 138 166 170 176 177 227 268 280 
14    1 8 10 16 17 25 123 124 135 145 176 177 234 268 
14    9 11 26 90 119 124 135 176 177 211 219 220 232 239 
10    10 12 162 176 219 220 239 244 254 261 
8    11 136 156 220 244 261 274 286 
9    156 220 238 253 255 257 281 285 286 
18    6 15 30 46 62 78 94 138 139 148 176 177 220 238 252 281 283 285 
14    8 14 23 122 138 171 176 177 213 220 227 252 262 285 
14    8 9 17 23 24 25 135 145 170 177 178 179 180 268 
11    9 16 18 26 124 130 135 145 174 178 179 
9    17 19 135 174 175 178 179 219 247 
10    18 20 136 146 173 175 178 179 246 247 
9    19 21 173 178 179 228 246 248 249 
11    20 22 30 137 139 147 148 178 179 228 249 
12    14 21 23 31 133 138 139 148 171 178 179 252 
12    8 15 16 22 24 138 170 171 177 178 179 227 
16    8 16 23 25 31 32 39 40 133 145 168 170 172 180 184 263 
14    9 16 17 24 26 32 33 41 130 145 149 168 172 180 
13    10 17 25 27 42 130 135 145 146 168 172 174 277 
11    26 28 34 130 131 146 168 169 172 174 206 
6    27 29 131 168 169 172 
8    28 30 131 132 147 168 169 172 
14    14 21 29 31 38 46 132 133 134 139 147 148 168 172 
11    22 24 30 39 133 148 168 170 171 172 185 
12    24 25 33 39 40 41 149 180 184 188 207 263 
13    25 26 32 34 130 145 149 180 188 207 223 264 278 
10    27 33 35 130 150 188 206 207 223 287 
10    34 36 131 150 157 188 206 207 221 223 
10    35 37 131 132 134 151 157 188 206 207 
10    36 38 46 132 134 151 152 157 188 207 
12    30 37 39 47 133 134 143 148 152 185 188 207 
13    24 31 32 38 40 133 170 180 184 185 188 207 263 
10    24 32 39 41 47 184 187 189 192 263 
17    25 32 33 40 42 48 49 105 140 149 180 187 189 192 263 264 275 
15    10 26 41 43 58 130 140 187 189 222 264 275 276 277 278 
12    42 44 140 141 150 186 187 189 224 236 276 287 
7    43 45 141 158 186 187 189 
8    44 46 142 151 158 186 187 189 
15    30 37 45 47 54 62 134 142 143 144 151 152 158 187 189 
12    38 40 46 55 104 143 152 184 185 187 189 192 
13    40 41 49 55 56 57 105 140 190 191 192 201 263 
12    41 48 50 57 101 105 106 140 190 191 264 278 
9    49 51 101 140 161 190 191 236 276 
9    50 52 102 141 161 190 191 235 236 
10    51 53 102 103 161 190 191 235 250 251 
8    52 54 103 142 144 190 191 250 
14    46 53 55 62 70 103 104 128 129 143 144 152 190 191 
14    40 47 48 54 56 63 71 104 105 143 184 190 191 192 
14    48 55 57 63 64 71 104 105 128 192 199 200 201 204 
11    49 56 58 65 105 106 111 125 199 200 201 
13    42 57 59 74 90 101 106 125 140 182 199 200 218 
9    58 60 101 126 182 199 200 202 218 
9    59 61 102 126 159 182 199 200 218 
8    60 62 102 103 127 159 199 200 
17    46 54 61 63 70 78 94 103 104 127 128 129 144 159 199 200 269 
9    55 56 62 71 104 110 128 199 200 
11    56 65 71 72 73 111 194 201 203 204 205 
12    57 64 66 73 106 107 111 112 125 201 203 205 
9    65 67 107 125 160 202 203 205 218 
9    66 68 108 126 160 202 203 205 270 
10    67 69 108 109 160 203 205 259 270 271 
9    68 70 109 127 129 203 205 269 271 
12    54 62 69 71 109 110 128 129 203 205 258 269 
14    55 56 63 64 70 79 110 128 201 203 204 205 225 269 
13    64 73 79 80 87 99 111 193 194 197 204 216 225 
11    65 72 74 81 96 111 112 117 193 194 216 
12    58 73 75 90 96 107 112 125 183 193 216 217 
9    74 76 97 107 183 193 195 216 217 
10    75 77 97 108 155 183 193 216 217 259 
8    76 78 98 155 193 216 259 260 
16    46 62 77 79 94 98 99 100 109 129 155 193 216 258 260 265 
11    71 72 78 87 99 110 116 193 216 225 258 
11    72 81 87 88 89 117 194 196 197 198 214 
12    73 80 82 89 96 112 113 117 118 194 196 198 
9    81 83 96 113 163 195 196 198 217 
9    82 84 97 163 195 196 198 240 266 
9    83 85 114 196 198 240 241 266 267 
11    84 86 98 100 115 196 198 241 242 265 267 
13    6 78 85 87 94 99 100 116 196 198 242 258 265 
14    72 79 80 86 95 99 116 194 196 197 198 225 226 265 
12    0 80 89 95 117 164 197 208 209 214 215 226 
10    1 81 88 90 117 118 164 208 210 214 
15    1 10 74 89 91 96 113 118 164 181 208 210 211 212 232 
8    90 92 113 153 164 181 208 212 
8    91 93 114 153 154 164 181 208 
9    5 92 94 114 115 154 164 208 241 
19    5 6 14 62 78 86 93 95 100 115 116 154 164 208 213 242 245 252 283 
10    6 87 88 94 116 164 208 213 215 226 
15    73 74 81 82 90 97 112 113 118 125 193 194 195 196 217 
13    75 76 83 96 98 155 193 195 196 217 265 266 267 
11    77 78 85 97 99 100 155 193 260 265 267 
14    70 72 78 79 86 87 98 100 110 116 193 194 258 265 
10    78 85 86 94 98 99 196 242 265 267 
12    49 50 58 59 105 106 140 161 182 191 200 218 
9    51 52 60 61 103 161 182 191 200 
10    52 53 54 61 62 102 104 144 191 200 
12    47 54 55 56 62 63 103 105 128 143 191 200 
12    41 48 49 55 56 57 101 104 106 191 200 201 
10    49 57 58 65 101 105 125 140 182 200 
12    65 66 74 75 111 112 125 160 183 205 216 217 
9    67 68 76 109 160 183 205 216 259 
12    68 69 70 78 108 110 129 205 216 258 259 260 
12    63 70 71 79 99 109 128 204 205 216 225 258 
13    57 64 65 72 73 107 112 194 201 204 205 216 225 
10    65 73 74 81 96 107 111 125 183 216 
12    81 82 90 91 96 117 118 163 181 198 212 237 
10    84 92 93 115 163 181 208 237 240 241 
10    85 93 94 114 116 198 208 237 241 242 
14    6 79 86 87 94 95 99 115 197 198 208 213 226 242 
15    73 80 81 88 89 113 118 194 197 198 208 210 214 226 237 
13    1 81 89 90 96 113 117 181 208 210 211 232 237 
10    10 124 162 211 232 233 239 254 282 284 
11    162 167 229 230 253 254 255 256 273 274 284 
12    5 122 230 245 252 255 257 262 273 281 283 285 
15    6 7 15 121 138 166 167 213 227 245 252 262 272 273 280 
11    0 1 9 124 166 210 232 234 268 272 282 
14    1 9 10 17 119 123 135 176 232 239 268 272 282 284 
15    57 58 65 66 74 106 107 112 126 140 199 201 202 203 218 
13    59 60 67 125 127 159 199 202 203 218 269 270 271 
10    61 62 69 126 128 129 159 199 269 271 
14    54 56 62 63 70 71 104 110 127 129 199 201 258 269 
11    62 69 70 78 109 127 128 203 258 269 271 
16    17 25 26 27 33 34 42 131 145 168 180 206 207 223 277 278 
10    27 28 29 35 36 130 132 168 206 207 
9    29 30 36 37 131 133 134 168 207 
15    22 24 30 31 38 39 47 132 134 148 168 171 180 185 207 
9    30 36 37 38 46 132 133 152 207 
15    9 10 16 17 18 26 124 136 174 177 178 211 219 232 247 
11    12 19 135 156 177 178 219 244 246 247 248 
9    21 138 139 156 177 178 238 248 249 
15    6 8 14 15 22 23 31 122 137 139 171 177 178 238 252 
11    14 21 22 30 137 138 148 177 178 238 249 
17    41 42 43 48 49 50 58 101 106 141 189 190 192 236 264 276 278 
10    43 44 51 140 158 189 190 235 236 251 
10    45 46 53 143 144 158 189 190 250 251 
13    38 46 47 54 55 104 142 144 152 185 189 190 192 
11    46 53 54 62 103 142 143 152 189 190 250 
12    16 17 24 25 26 33 130 146 170 172 174 179 
11    19 26 27 145 169 172 173 174 175 179 243 
10    21 29 30 148 169 172 173 179 228 243 
17    14 21 22 30 31 38 133 134 139 147 152 170 171 172 179 228 252 
10    32 33 41 49 188 223 263 264 275 278 
13    34 35 43 157 186 188 206 221 222 223 224 276 287 
11    36 37 45 46 152 157 186 187 188 221 224 
16    30 37 38 46 47 54 134 143 144 148 151 184 185 187 188 224 
10    2 3 91 92 154 162 164 165 211 212 
10    3 4 5 92 93 94 153 164 165 213 
11    76 77 78 97 98 193 217 259 265 266 267 
10    12 13 136 137 177 220 238 244 248 286 
10    35 36 37 150 151 186 188 221 223 224 
7    44 45 46 141 142 189 251 
10    60 61 62 126 127 199 218 269 270 271 
8    66 67 68 107 108 183 202 205 
8    50 51 52 101 102 182 191 236 
13    2 3 11 119 120 153 229 231 233 239 254 279 284 
9    82 83 113 114 181 195 198 237 240 
20    5 88 89 90 91 92 93 94 95 153 154 165 208 209 210 211 212 213 214 215 
19    0 1 2 3 4 5 6 7 153 154 164 167 209 210 211 213 231 279 280 
15    0 7 8 122 123 167 209 215 227 234 262 268 272 280 282 
17    6 7 120 122 165 166 229 231 245 256 262 272 273 279 280 282 284 
15    24 25 26 27 28 29 30 31 130 131 132 133 172 180 207 
7    27 28 29 146 147 172 243 
10    16 23 24 31 39 145 148 171 172 179 
9    15 22 23 31 133 138 148 170 179 
18    24 25 26 27 28 29 30 31 145 146 147 148 168 169 170 174 179 243 
9    19 20 146 147 175 179 228 243 246 
10    17 18 26 27 135 145 146 172 175 179 
7    18 19 146 173 174 179 247 
21    8 9 10 11 14 15 124 177 220 227 239 254 256 261 262 268 272 274 284 285 286 
21    8 9 10 14 15 16 23 135 136 137 138 139 156 176 178 219 220 238 244 247 248 
19    16 17 18 19 20 21 22 23 135 136 137 138 139 177 179 246 247 248 249 
21    16 17 18 19 20 21 22 23 145 146 147 148 170 171 172 173 174 175 178 228 243 
12    16 24 25 32 33 39 41 130 133 168 207 263 
10    90 91 92 113 114 118 163 208 237 240 
9    58 59 60 101 102 106 161 191 200 
10    74 75 76 107 108 112 160 205 216 259 
12    32 39 40 47 55 152 185 187 188 192 263 275 
9    31 38 39 47 133 143 152 184 188 
10    43 44 45 150 151 157 187 221 224 276 
20    40 41 42 43 44 45 46 47 151 152 184 186 188 189 224 263 264 275 276 277 
21    32 33 34 35 36 37 38 39 149 150 151 152 157 184 185 187 207 223 224 263 275 
19    40 41 42 43 44 45 46 47 140 141 142 143 144 158 187 190 192 236 251 
20    48 49 50 51 52 53 54 55 140 141 142 143 144 189 191 192 235 236 250 251 
17    48 49 50 51 52 53 54 55 101 102 103 104 105 161 182 190 200 
11    40 41 47 48 55 56 140 143 189 190 263 
18    72 73 74 75 76 77 78 79 96 97 98 99 155 194 196 216 217 265 
13    64 72 73 80 81 87 96 99 111 117 193 196 265 
9    75 82 83 96 97 163 196 217 266 
18    80 81 82 83 84 85 86 87 96 97 100 193 194 195 198 265 266 267 
13    72 80 87 88 116 117 194 198 208 209 214 215 226 
20    80 81 82 83 84 85 86 87 113 115 116 117 163 196 197 208 237 240 241 242 
18    56 57 58 59 60 61 62 63 125 126 127 128 159 200 201 203 218 269 
17    56 57 58 59 60 61 62 63 101 102 103 104 105 106 182 191 199 
13    48 56 57 64 65 71 105 111 125 128 199 203 269 
9    59 66 67 125 126 160 203 218 270 
18    64 65 66 67 68 69 70 71 125 126 129 199 201 202 205 269 270 271 
10    56 64 71 72 110 111 201 205 216 225 
18    64 65 66 67 68 69 70 71 107 108 109 110 111 160 183 203 204 216 
8    27 34 35 36 130 131 150 207 
17    32 33 34 35 36 37 38 39 130 131 132 133 134 168 180 188 206 
19    88 89 90 91 92 93 94 95 114 115 116 117 118 164 181 197 198 226 237 
12    0 7 88 164 165 166 210 213 214 215 268 280 
11    0 1 89 90 118 164 165 209 211 214 234 
12    1 2 10 90 119 153 164 165 210 212 232 233 
7    2 90 91 113 153 164 211 
14    5 6 7 15 94 95 116 122 154 164 165 209 215 227 
11    0 80 88 89 117 164 197 209 210 215 234 
9    7 88 95 164 197 209 213 214 226 
22    72 73 74 75 76 77 78 79 107 108 109 110 111 112 183 193 204 205 225 258 259 260 
10    74 75 76 82 96 97 107 155 193 195 
10    58 59 60 66 101 125 126 159 199 202 
10    10 11 18 135 136 177 220 239 244 247 
17    10 11 12 13 14 15 156 176 177 219 238 244 261 274 281 285 286 
6    35 150 151 157 186 224 
9    42 150 223 224 275 276 277 278 287 
14    33 34 35 130 149 150 157 188 222 224 275 277 278 287 
14    43 150 151 152 157 186 187 188 221 222 223 275 276 287 
9    71 72 79 87 110 111 204 216 258 
9    87 88 95 116 117 197 208 213 215 
12    7 8 15 23 122 166 176 213 252 262 268 272 
7    20 21 147 148 173 179 249 
10    3 4 120 162 167 230 231 255 273 284 
10    4 5 120 121 229 231 245 255 257 273 
13    3 4 5 6 162 165 167 229 230 245 273 279 284 
14    1 10 90 118 119 123 124 135 211 233 234 279 282 284 
9    1 2 119 162 211 232 239 279 284 
10    0 1 9 123 166 210 232 279 280 282 
7    51 52 141 190 236 250 251 
10    43 50 51 140 141 161 189 190 235 276 
11    113 114 115 117 118 163 181 198 208 240 241 
9    13 14 137 138 139 156 177 220 281 
12    10 11 119 124 162 176 219 233 254 256 261 284 
9    83 84 114 163 181 198 237 241 266 
10    84 85 93 114 115 198 237 240 242 267 
8    85 86 94 100 115 116 198 241 
6    146 147 169 172 173 179 
9    11 12 136 156 177 219 220 247 261 
11    5 6 94 121 122 167 230 231 252 273 283 
8    19 20 136 173 178 247 248 249 
10    18 19 135 136 175 177 178 219 244 246 
8    20 136 137 156 177 178 246 249 
8    20 21 137 139 178 228 246 248 
7    52 53 142 144 190 235 251 
8    52 141 142 158 189 190 235 250 
15    6 14 15 22 94 121 122 138 139 148 227 245 262 283 285 
9    13 120 254 255 256 257 274 285 286 
11    11 119 120 162 176 239 253 256 261 274 284 
11    4 13 120 121 229 230 253 256 257 273 285 
14    120 167 176 239 253 254 255 257 262 272 273 274 284 285 
10    13 121 230 253 255 256 281 283 285 286 
13    62 70 78 79 86 99 100 109 110 129 216 225 260 
9    68 76 77 108 109 155 183 216 260 
7    77 78 98 109 216 258 259 
8    11 12 176 220 239 244 254 274 
13    15 121 122 166 167 176 227 252 256 268 272 273 285 
12    32 39 40 41 48 149 184 187 188 192 264 275 
11    33 41 42 49 140 149 187 263 275 277 278 
14    78 85 86 87 97 98 99 100 155 193 194 196 266 267 
9    83 84 97 155 195 196 240 265 267 
10    84 85 97 98 100 155 196 241 265 266 
14    0 8 9 16 123 124 166 176 209 214 227 262 272 280 
14    62 69 70 71 126 127 128 129 159 199 201 203 270 271 
8    67 68 126 159 202 203 269 271 
9    68 69 126 127 129 159 203 269 270 
13    122 123 124 166 167 176 227 256 262 268 280 282 284 
12    120 121 122 167 229 230 231 245 255 256 262 285 
10    12 120 176 220 253 254 256 261 285 286 
15    41 42 149 184 187 188 222 223 224 263 264 276 277 278 287 
13    42 43 50 140 150 186 187 222 224 236 275 277 287 
10    26 42 130 187 222 223 264 275 276 278 
11    33 42 130 140 149 222 223 264 275 277 287 
14    0 1 2 3 162 165 167 231 232 233 234 280 282 284 
14    0 7 8 122 123 165 166 167 209 234 268 272 279 282 
8    13 14 121 220 238 257 283 285 
12    0 119 123 124 166 167 232 234 272 279 280 284 
9    6 14 94 121 245 252 257 281 285 
16    119 120 124 162 167 176 229 231 232 233 239 254 256 272 279 282 
17    13 14 15 121 176 220 252 253 255 256 257 262 273 274 281 283 286 
9    12 13 156 176 220 253 257 274 285 
9    34 43 150 222 223 224 275 276 278 
